P= [0.95 0.05];

% initial user state transition matrix
A0=[0.5 0.5; 0.5 0.5];

% user state transition matrix
A1=[0.1 0.9; 0.9 0.1];
A2=[0.25 0.75; 0.75 0.25];
A3=[0.5 0.5; 0.5 0.5];
A4=[0.9 0.1; 0.1 0.9];
A5=[0.75 0.25; 0.25 0.75];
A6=[0.5 0.5; 0.1 0.9];

%observation emission matrix
B1=[0.75 0.20 0.05; 0.05 0.20 0.75];
B2=[0.05 0.20 0.75; 0.75 0.20 0.05];








